Sequent std::for_each:
0.0036244 0.00383285 0.00425415 0.00385645 0.0038888 0.00400105 0.00424775 0.00430575 0.0041093 0.0043198 0.00428055 0.00460575 0.00442975 0.004643 0.0043552 0.00452815 0.00499245 0.00478865 0.0050281 0.0048883 0.0050444 0.00527905 0.00492355 0.0055734 0.00518435 0.0053703 0.0053104 0.0055066 0.0053051 0.00586025 0.00597865 0.0058937 0.0058617 0.00582905 0.0064461 0.00634575 0.0064754 0.00648385 0.0065127 0.0070952 0.00675945 0.00680835 0.00697475 0.0071849 0.00720385 0.0073083 0.0072403 0.00763025 0.0075259 0.00765255 0.00726225 0.00751295 0.0078399 0.0079189 0.00783105 0.00791095 0.00841595 0.0081959 0.00815485 0.0082881 0.00831795 0.0084599 0.00856055 0.0087944 0.00908055 0.00899705 0.00904625 0.0091136 0.00912985 0.009435 0.00923615 0.0094531 0.0095377 0.00985275 0.010058 0.00935975 0.0100409 0.0098775 0.010347 0.0102937 0.010172 0.010336 0.0105527 0.0111654 0.0112508 0.0111715 0.0106065 0.0113693 0.0123128 0.0109827 

Parallel std::for_each:
0.0036587 0.00378875 0.0037753 0.00382455 0.0040891 0.00384895 0.0039635 0.004373 0.00396805 0.0044606 0.00423165 0.0046212 0.00442265 0.00456035 0.00476355 0.0047778 0.0048767 0.0047047 0.00469295 0.005034 0.0049067 0.0052345 0.00441885 0.00332255 0.0033812 0.00363255 0.0036043 0.00361345 0.0041911 0.0042286 0.0039653 0.00408705 0.00437045 0.00458395 0.00484645 0.00459415 0.0045702 0.00487955 0.00457925 0.00495615 0.0053809 0.00547435 0.0049856 0.0052593 0.0050918 0.00508115 0.00545925 0.00556215 0.00528945 0.0054795 0.00544845 0.00586895 0.0059515 0.00588355 0.0059481 0.00587495 0.00608365 0.006172 0.00670555 0.00663095 0.00650975 0.00660835 0.00684995 0.0068892 0.0067609 0.00699295 0.00749065 0.0072463 0.00733565 0.00745635 0.00764935 0.0074997 0.00752245 0.00759515 0.00809755 0.00811215 0.00761175 0.00796955 0.00789975 0.00818125 0.0081617 0.0081598 0.0082778 0.00847295 0.00867805 0.0085924 0.0088437 0.0088426 0.00898375 0.00885655

Sequent std::partial_sum:
0.00165715 0.0018307 0.00185635 0.00296455 0.00223585 0.0020194 0.0021243 0.0022716 0.00240195 0.0023643 0.00279845 0.00290375 0.00325395 0.0029983 0.0029685 0.00327505 0.00305545 0.0031326 0.0033382 0.0035306 0.00350565 0.00350085 0.0036897 0.003791 0.00395435 0.00429915 0.00418755 0.00459585 0.0044139 0.00465645 0.004878 0.00480265 0.0051517 0.0047925 0.0050997 0.00505415 0.00510895 0.0052429 0.00532715 0.00558115 0.0054779 0.00551825 0.00562885 0.00561985 0.00590235 0.00592965 0.00593625 0.00589145 0.006545 0.00631915 0.0064455 0.00661645 0.0065273 0.0067497 0.0069611 0.0068597 0.00688 0.00728655 0.0072727 0.0075568 0.0072503 0.00737895 0.00753165 0.00762225 0.007819 0.00760005 0.00806765 0.0082799 0.0081941 0.00870885 0.00859225 0.00881335 0.00858405 0.0085431 0.0088321 0.00884865 0.00891125 0.0089644 0.00912405 0.0092763 0.00936325 0.0095699 0.0095 0.00964755 0.0100183 0.00982855 0.00988455 0.0098463 0.00997495 0.0101899

Parallel std::inclusive_scan:
0.00304295 0.0032728 0.0030828 0.0034903 0.00338175 0.0035571 0.0038138 0.0040991 0.00437845 0.00461505 0.0046298 0.00493895 0.00523175 0.0054153 0.00553055 0.00547345 0.00574895 0.00598735 0.00648505 0.0068276 0.00718305 0.0068491 0.00701025 0.00743805 0.00761965 0.00787675 0.0079629 0.00804845 0.0083196 0.00831785 0.0084661 0.00893455 0.00918845 0.00980755 0.00943335 0.0099856 0.00980935 0.0101825 0.0104042 0.0104855 0.010771 0.010814 0.0113943 0.011643 0.0112646 0.0116742 0.0118407 0.0120119 0.0122422 0.0124294 0.0126973 0.0127122 0.0128579 0.0130484 0.0132697 0.0134946 0.0137772 0.0146351 0.0142794 0.0144394 0.0149158 0.0149104 0.0149332 0.0151666 0.0153205 0.0154846 0.0158041 0.0159217 0.0160831 0.0170464 0.0164644 0.0166964 0.0168617 0.0170758 0.0175117 0.0175433 0.0176891 0.0178809 0.0181085 0.0182803 0.0183535 0.0185126 0.0190018 0.0189483 0.0190114 0.0193561 0.0195689 0.019646 0.0200592 0.020103

Sequent std::inner_product:
0.0022233 0.0025162 0.00269245 0.003076 0.00325035 0.00335825 0.0034636 0.00328035 0.0034946 0.0037003 0.00398365 0.0041118 0.0042615 0.00441695 0.00454125 0.00481895 0.00560115 0.0058414 0.00531055 0.0055782 0.00559465 0.0057128 0.00595655 0.0059996 0.0061315 0.00660265 0.00663715 0.00694385 0.0068618 0.007165 0.0076564 0.0072558 0.0073132 0.00769235 0.00820325 0.0079746 0.0082846 0.00851615 0.0085501 0.00862865 0.00903685 0.00903625 0.0090887 0.0095144 0.00961335 0.0097943 0.0100489 0.0101026 0.0103504 0.0103703 0.0105313 0.0109508 0.0108469 0.010798 0.0109933 0.0115798 0.011421 0.0117192 0.0118824 0.0118122 0.0121773 0.0122042 0.0121416 0.0123783 0.0126212 0.0126854 0.0128386 0.0129707 0.0131312 0.0135208 0.0134991 0.0138639 0.0139239 0.0141307 0.014771 0.0144905 0.0145276 0.0147871 0.014829 0.0149188 0.0152234 0.0153425 0.0155437 0.0157509 0.0159469 0.0160294 0.0163725 0.0161854 0.0166249 0.0168014

Parallel std::transform_reduce:
0.0022626 0.00232735 0.00269925 0.0031055 0.00320735 0.0034189 0.0034891 0.0039289 0.00354005 0.00362375 0.00403835 0.00409925 0.00450665 0.0047945 0.00467705 0.0052964 0.0049648 0.0057832 0.00533695 0.0055559 0.006161 0.0055378 0.0058647 0.00616695 0.0062502 0.0062721 0.0069579 0.00719265 0.00674245 0.00709905 0.0072258 0.00729805 0.007457 0.00754445 0.0078532 0.00796585 0.00813875 0.00864555 0.00875365 0.00878785 0.00857665 0.009034 0.00932475 0.00938875 0.00934515 0.0097691 0.0100712 0.0101541 0.0101052 0.010313 0.0105478 0.0107931 0.0110144 0.0109576 0.0113216 0.0113931 0.0113319 0.0115708 0.0115937 0.0117018 0.0119359 0.0118765 0.0122683 0.0124239 0.0126275 0.0126922 0.0127962 0.0131136 0.0132606 0.0133538 0.0136226 0.0138127 0.0139767 0.0143161 0.0142592 0.0143721 0.014429 0.0146996 0.0148641 0.0151077 0.0151779 0.0154535 0.0155594 0.0156106 0.0159921 0.0159884 0.0162375 0.0162948 0.0164356 0.0166821

