Sequent std::for_each:
0.0014936 0.0035964 0.0037233 0.0029053 0.0050257 0.0111554 0.0863181 0.795338 7.68883 0 

Parallel std::for_each:
0.0025863 0.0029263 0.0030675 0.0029811 0.0034455 0.0110362 0.0818251 0.765769 7.63341 0 

Sequent std::partial_sum:
0.0025229 0.0039065 0.0026234 0.0035651 0.0036465 0.0117804 0.0922314 0.893004 8.81256 0 

Parallel std::inclusive_scan:
0.0028258 0.0032826 0.0032562 0.0034768 0.0052109 0.0222252 0.188788 1.8445 18.4244 0 

Sequent std::inner_product:
0.0029137 0.0028304 0.0029073 0.0028363 0.0044782 0.0188289 0.154365 1.49872 14.8881 0 

Parallel std::transform_reduce:
0.0012037 0.0010411 0.0010542 0.0012027 0.0024726 0.0163129 0.150973 1.48713 14.9605 0
------------------------------------------------------
Sequent std::for_each:
0.0012166 0.0033351 0.0031831 0.002871 0.0038495 0.0105614 0.0847932 0.766611 7.60655 0 

Parallel std::for_each:
0.0032863 0.0029009 0.0030992 0.0035375 0.0033758 0.010566 0.0817727 0.7662 7.64018 0 

Sequent std::partial_sum:
0.0010916 0.0010402 0.0010319 0.0012526 0.0018855 0.0098938 0.0901353 0.878537 8.79917 0 

Parallel std::inclusive_scan:
0.001104 0.0010301 0.0010803 0.0011996 0.0028088 0.0197898 0.187209 1.88376 18.4047 0 

Sequent std::inner_product:
0.0011844 0.0010411 0.0010423 0.0011491 0.0024587 0.016336 0.150963 1.52544 14.8736 0 

Parallel std::transform_reduce:
0.0010799 0.0010319 0.0010535 0.0011614 0.0024929 0.0161817 0.150768 1.48801 15.0665 0
------------------------------------------------------
Sequent std::for_each:
0.0028948 0.00309675 0.0027485 0.00309635 0.0036883 0.011058 0.0925128 0.76974 7.59224 0 

Parallel std::for_each:
0.00107855 0.0010417 0.0010398 0.00123895 0.00171 0.0087641 0.0788538 0.764192 7.6222 0 

Sequent std::partial_sum:
0.00112075 0.0010426 0.0010384 0.00113805 0.00183735 0.009968 0.0896057 0.883129 8.79903 0 

Parallel std::inclusive_scan:
0.00112735 0.00105045 0.00105295 0.0012166 0.0028065 0.0197416 0.186011 1.84653 18.5368 0 

Sequent std::inner_product:
0.00253445 0.00102465 0.0010499 0.0011966 0.0027965 0.0165816 0.154098 1.49129 14.9122 0 

Parallel std::transform_reduce:
0.00112085 0.00104865 0.0010468 0.0013244 0.0024695 0.0163762 0.150824 1.48943 14.953 0 


