Sequent std::for_each:
0.0100291 0.0111739 0.0116725 0.0133378 0.0165932 0.0146144 0.0152723 0.0164399 0.0171709 0.0178021 0.0184605 0.0192016 0.0199476 0.0209423 0.0217114 0.0234525 0.0231084 0.0240393 0.0248777 0.0258233 0.0268358 0.0274727 0.0283301 0.0292643 0.0310713 0.0307432 0.0313934 0.0322245 0.0327122 0.0336094 0.0348188 0.0354243 0.0360395 0.0366462 0.0376026 0.0384647 0.039175 0.0402384 0.0410022 0.0418309 0.0429926 0.0430191 0.0442354 0.0445806 0.045346 0.0460209 0.0475921 0.047612 0.048654 0.0494618 0.0505753 0.051006 0.0513593 0.0531274 0.0534888 0.0540106 0.0554132 0.0557047 0.056369 0.0568867 0.0580585 0.0588556 0.0598464 0.0601975 0.0611842 0.0619653 0.063451 0.0629945 0.0656821 0.0718397 0.0702142 0.0678708 0.0671705 0.0676956 0.0688137 0.0695132 0.0706477 0.0714905 0.0718827 0.0722686 0.0729803 0.0740263 0.0748556 0.0771839 0.0762174 0.0770244 0.0777782 0.0788874 0.0796395 0.080217

Parallel std::for_each:
0.0109124 0.0120386 0.0133399 0.0128992 0.0135601 0.0145233 0.0151847 0.0159311 0.0167601 0.0177105 0.018566 0.0189466 0.0201905 0.0208312 0.0215905 0.022238 0.0234632 0.0243954 0.0247413 0.0258147 0.0266739 0.0275052 0.0276321 0.0276636 0.0283996 0.0291766 0.0297943 0.0307167 0.0315689 0.0322867 0.0335446 0.0339134 0.035181 0.0358515 0.0360966 0.0370605 0.0390181 0.0385261 0.0392762 0.0403445 0.041209 0.0416687 0.0425972 0.0435402 0.0438633 0.0448952 0.0455964 0.0468257 0.0476643 0.0482532 0.0488508 0.0495884 0.0501867 0.0511413 0.0517441 0.0525323 0.053318 0.0543052 0.0550777 0.0557689 0.056479 0.0578783 0.0580209 0.0590671 0.0599923 0.0607368 0.061052 0.0619691 0.0637168 0.063389 0.0644914 0.064936 0.0660075 0.0665564 0.068275 0.0683487 0.0690599 0.0697948 0.0708795 0.0722822 0.0723505 0.0727433 0.0736148 0.0745183 0.0754195 0.0756087 0.0767339 0.0780512 0.0782604 0.0788167

Sequent std::partial_sum:
0.0104131 0.0110853 0.0120302 0.0133019 0.0141776 0.0150971 0.0159393 0.0167196 0.0178467 0.0186909 0.0196678 0.0204134 0.021701 0.0225704 0.0236151 0.0242681 0.0249737 0.0262868 0.0271613 0.0279065 0.0286332 0.0297145 0.0307599 0.0317399 0.032621 0.0334083 0.0347189 0.0352393 0.0365217 0.0368578 0.0379196 0.0387208 0.0397363 0.0409795 0.0417373 0.042567 0.0442879 0.0601746 0.0510634 0.0488859 0.0508369 0.0590401 0.0552534 0.0635272 0.0593383 0.055661 0.0558414 0.0548429 0.0553924 0.0558877 0.0567574 0.0576161 0.0583683 0.0594149 0.0869653 0.0712932 0.0703379 0.0659953 0.0717181 0.0681581 0.0689446 0.075754 0.0753829 0.0717882 0.0685583 0.069445 0.0739188 0.098515 0.0719606 0.0733288 0.0750619 0.0770315 0.0794922 0.0817026 0.0802912 0.0787373 0.0788457 0.0800956 0.0807834 0.0816003 0.0829489 0.0832921 0.0846594 0.0858325 0.0862988 0.086843 0.0883341 0.0888872 0.0901499 0.0907357

Parallel std::inclusive_scan:
0.0201358 0.0223441 0.0241952 0.0272128 0.0283652 0.0301584 0.0323449 0.0338676 0.0356533 0.0371651 0.0391598 0.0411695 0.0430176 0.0451516 0.0470561 0.0487556 0.0507119 0.052335 0.0544954 0.05599 0.058123 0.0598914 0.0620229 0.0635026 0.0654528 0.067182 0.0691332 0.0709799 0.0740552 0.0749602 0.0790465 0.0797231 0.080639 0.0823962 0.0847047 0.0862362 0.0882056 0.0895954 0.0924782 0.093578 0.0950031 0.097039 0.0991702 0.101748 0.102482 0.10477 0.106369 0.108803 0.109709 0.111667 0.114284 0.115624 0.117481 0.11989 0.12058 0.123377 0.125867 0.127549 0.128738 0.130895 0.132001 0.134279 0.136429 0.137884 0.139302 0.14156 0.143807 0.145234 0.147346 0.149478 0.151612 0.152741 0.15508 0.156192 0.158273 0.160834 0.161775 0.165049 0.165954 0.167923 0.169731 0.171071 0.173252 0.174936 0.176185 0.178322 0.181042 0.182811 0.183599 0.1853

Sequent std::inner_product:
0.0167553 0.018453 0.0197568 0.0216193 0.0230159 0.0255682 0.0260508 0.027713 0.0296766 0.0307388 0.0322496 0.0337897 0.0353074 0.0380027 0.0385597 0.0399094 0.041396 0.0428738 0.0445116 0.0469522 0.0474593 0.0489504 0.050603 0.0526767 0.0537373 0.0552019 0.0567625 0.0582575 0.0597691 0.0612161 0.0629951 0.0641671 0.0669371 0.0671514 0.0686476 0.0698972 0.0716979 0.073404 0.0749228 0.0763587 0.0778365 0.0796271 0.080839 0.0822766 0.084466 0.0859672 0.08706 0.0888015 0.090132 0.0927455 0.0931235 0.094591 0.0963341 0.0978042 0.0992619 0.100941 0.102989 0.103204 0.105559 0.106953 0.107699 0.10965 0.11099 0.112826 0.114104 0.115378 0.116653 0.118821 0.119988 0.12193 0.123595 0.133307 0.129866 0.127907 0.128761 0.130917 0.1316 0.133365 0.135334 0.136757 0.137819 0.139251 0.140949 0.142402 0.143881 0.145661 0.147391 0.148717 0.15037 0.152131

Parallel std::transform_reduce:
0.0167778 0.0183341 0.0200682 0.0214153 0.0231845 0.0251167 0.0262347 0.0288406 0.0293711 0.0351031 0.0324812 0.0338192 0.0354033 0.0368924 0.0383432 0.039981 0.0414372 0.0426987 0.0444208 0.0461147 0.047582 0.0489564 0.0503738 0.0522777 0.0535587 0.055148 0.0567067 0.057973 0.0597353 0.0614185 0.0626501 0.0649581 0.0664379 0.0673048 0.069241 0.070331 0.0720333 0.0734297 0.0747399 0.0764739 0.0777021 0.0797385 0.0805163 0.0822781 0.0836093 0.0855962 0.0875308 0.0888076 0.0905023 0.092401 0.0939137 0.0945712 0.0964924 0.0981183 0.0994597 0.10263 0.105587 0.103752 0.105337 0.106576 0.10796 0.109494 0.112771 0.113747 0.114482 0.115569 0.117372 0.118252 0.120436 0.121411 0.123206 0.124232 0.125571 0.1286 0.128837 0.129984 0.131699 0.133755 0.134981 0.137057 0.139062 0.139232 0.141476 0.14337 0.144602 0.145435 0.147141 0.147785 0.149942 0.15123
